13
MN845181.1              0.0000000 0.0000010 0.0020926 0.0000010 0.0084029 0.0043748 0.0000010 0.0000010 0.0000010 0.0000010 0.0272674 0.0272674 0.0000010 
MN845182.1              0.0000010 0.0000000 0.0020926 0.0000010 0.0042701 0.0000010 0.0000010 0.0000010 0.0000010 0.0000010 0.0157359 0.0157359 0.0000010 
MN845183.1              0.0020926 0.0020926 0.0000000 0.0020967 0.0045673 0.0023900 0.0020926 0.0021520 0.0020926 0.0020967 0.0020926 0.0020926 0.0020926 
MN845184.1              0.0000010 0.0000010 0.0020967 0.0000000 0.0042983 0.0000010 0.0000010 0.0000010 0.0000010 0.0000010 0.0099707 0.0099707 0.0000010 
MN845185.1              0.0084029 0.0042701 0.0045673 0.0042983 0.0000000 0.0021838 0.0084029 0.0023504 0.0084029 0.0042701 0.0363994 0.0363994 0.0084029 
MN845186.1              0.0043748 0.0000010 0.0023900 0.0000010 0.0021838 0.0000000 0.0043748 0.0000010 0.0043748 0.0000010 0.0334685 0.0334685 0.0043748 
MN845187.1              0.0000010 0.0000010 0.0020926 0.0000010 0.0084029 0.0043748 0.0000000 0.0000010 0.0000010 0.0000010 0.0291968 0.0291968 0.0000010 
MN845188.1              0.0000010 0.0000010 0.0021520 0.0000010 0.0023504 0.0000010 0.0000010 0.0000000 0.0000010 0.0000010 0.0000010 0.0000010 0.0000010 
MN845189.1              0.0000010 0.0000010 0.0020926 0.0000010 0.0084029 0.0043748 0.0000010 0.0000010 0.0000000 0.0000010 0.0291968 0.0291968 0.0000010 
MN845190.1              0.0000010 0.0000010 0.0020967 0.0000010 0.0042701 0.0000010 0.0000010 0.0000010 0.0000010 0.0000000 0.0159221 0.0159221 0.0000010 
MN845953.1              0.0272674 0.0157359 0.0020926 0.0099707 0.0363994 0.0334685 0.0291968 0.0000010 0.0291968 0.0159221 0.0000000 0.0000010 0.0272674 
MN845954.1              0.0272674 0.0157359 0.0020926 0.0099707 0.0363994 0.0334685 0.0291968 0.0000010 0.0291968 0.0159221 0.0000010 0.0000000 0.0272674 
Novo_isolado_Paciente_X 0.0000010 0.0000010 0.0020926 0.0000010 0.0084029 0.0043748 0.0000010 0.0000010 0.0000010 0.0000010 0.0272674 0.0272674 0.0000000 
